993803899780063855042560
6476620014866676143312363520
2028353759451110328141864960
13218781450342886008500533944320
871442176524916925217468417638400000
1430036611677388674281865673344614400000
175894503236318806936669477821387571200000
500303169247013717987948506956978469952978950394911182028800
387181686948544515909353472000
116541687771511899288715395072000
759502179206943047664558229684224000
790237823061979356970990436352000
237861584741655786448268121341952000
1550143947761370760283363346785501184000
1008608294500958463943865794560000
303591096644788497647103604162560000
1978503176834086639166174188327403520000
2058569529076456224909430086696960000
619629428252013323697738456095784960000
4038124983918370830538161518376230584320000
725177738616038505526549327950643200000
1480087764515334589779687178347262771200000
140546952362321659275095310336000
306118174390334720868007180763136000
42304632661058819441803688411136000
92141570491490750981270161409703936000
286856329771498506580469528395776000
624787193930673165291602655937560576000
86343755261221050480721328047128576000
188060945373132622752772399437205733376000
366124810903847922411623283425280000
797437844286821947861158705887969280000
110203568082058224645898608311009280000
240028791130333406306208770472278753280000
747260739054753609642123121470996480000
1627570640189403595584624918717345300480000
224925482455480836502279059562769940480000
489898762697010482270972100533920935444480000
275699291052120326302234637375373312000
600486614893045224144937641907040550912000
562702253037377585982860894883136929792000
1225593180996705302479817727132269764411392000
718196653190773450017321230362847477760000
1564267631796382808897562557167840635125760000
1465839369162368611485352631170571702108160000
3192670236496417312959925179179562736291676160000
263239519117621977506137406046083481600000
573348618844038910712179047617847499161600000
537271858519066456090026445740056385945600000
1170204531060683416763557436188026745788825600000
557594864277445547790158411307417600000
1138051117990266363039713317478439321600000
34333990380090621034548044698018824192000000000
8867180764707988728779605816245479522304000000000
491412433352991193226796844642531984043931598848000
1280129388884542058355805780293795818434441814999040000
1918377168430497224294059060936923050977599160320000000
2385313934426656368473251618869311663760211968000000000
3777072610257905552673570184801472741376000000000
219891201542389961485423139186851543252992000000
47334656224641808931440426699723268487218806652928000000
448797942348017911391748627080363999779356672000000
96610033354493932029069910894135190982413584378626048000000
