6
60
90
36720
12646368
22276800
126463680
4201148160
28770487200
287704872000
1446875426304
2548696550400
14468754263040
590325173932032
3291641594841600
8854877608980480
32916415948416000
1342989770695372800
20144846560430592000
6
90
60
36720
12646368
28770487200
22276800
126463680
287704872000
4201148160
1446875426304
3291641594841600
2548696550400
14468754263040
32916415948416000
590325173932032
1342989770695372800
8854877608980480
20144846560430592000
1441560489708423064780800
21623407345626345971712000
9224733293334342541129236480000
6149822195556228360752824320000
92247332933343425411292364800000
3763691183680411756780728483840000
21264305826781810059562225388784137011200
84831789593021865009217383746764800
1272476843895327975138260756201472000
4569194352511637056781928206781350741085782016000
