List (possibly incomplete) of infinitary multi-perfect numbers with quotient k=3.

120                  [Cohen, 1990]
73440                [Cohen, 1990]
44553600             [Cohen, 1990]
252927360            [Cohen, 1990]
8402296320           [Cohen, 1990]
575409744000         [Cohen, 1990]
5097393100800        [Cohen, 1990]
28937508526080
1180650347864064     [Cohen, 1990]
2079736385126400
11806503478640640    [Cohen, 1990]
17709755217960960    [Cohen, 1990]
65832831896832000    [Cohen, 1990]
2685979541390745600
26859795413907456000 [Cohen, 1990]
40289693120861184000 [Cohen, 1990]

120
73440
44553600
252927360
575409744000
8402296320
5097393100800
28937508526080
65832831896832000
1180650347864064
2685979541390745600
17709755217960960
40289693120861184000
2079736385126400
11806503478640640
26859795413907456000
2883120979416846129561600
43246814691252691943424000
28831209794168461295616000
12299644391112456721505648640000
184494665866686850822584729600000
17644700394031098312916992000
7527382367360823513561456967680000
75273823673608235135614569676800000
42528611653563620119124450777568274022400
